-0.148856     0.998605   0.00150000
-0.145384     0.999884   0.00150000
-0.141911     0.999580   0.00150000
-0.138439      1.00157   0.00150000
-0.134967      1.00137   0.00150000
-0.131495     0.998784   0.00150000
-0.128022     0.999995   0.00150000
-0.124550     0.999387   0.00150000
-0.121078     0.999938   0.00150000
-0.117606     0.999261   0.00150000
-0.114134      1.00226   0.00150000
-0.110661     0.999470   0.00150000
-0.107189     0.999849   0.00150000
-0.103717     0.997824   0.00150000
-0.100245     0.998960   0.00150000
-0.0967725     0.998934   0.00150000
-0.0933002     0.997913   0.00150000
-0.0898280     0.999636   0.00150000
-0.0863558     0.998097   0.00150000
-0.0828836     0.998010   0.00150000
-0.0794113     0.998981   0.00150000
-0.0759391     0.998338   0.00150000
-0.0724669     0.999593   0.00150000
-0.0689947     0.998553   0.00150000
-0.0655225     0.998410   0.00150000
-0.0620502     0.999928   0.00150000
-0.0585780     0.997138   0.00150000
-0.0551058     0.997599   0.00150000
-0.0516336     0.995487   0.00150000
-0.0481613     0.989543   0.00150000
-0.0446891     0.988934   0.00150000
-0.0412169     0.985685   0.00150000
-0.0377447     0.987990   0.00150000
-0.0342725     0.984988   0.00150000
-0.0308002     0.987217   0.00150000
-0.0273280     0.985403   0.00150000
-0.0238558     0.984621   0.00150000
-0.0203836     0.981916   0.00150000
-0.0169113     0.982367   0.00150000
-0.0134391     0.985243   0.00150000
-0.00996690     0.983044   0.00150000
-0.00649468     0.986517   0.00150000
-0.00302245     0.985085   0.00150000
0.000449769     0.984434   0.00150000
0.00392199     0.983889   0.00150000
0.00739421     0.985832   0.00150000
0.0108664     0.985649   0.00150000
0.0143387     0.983274   0.00150000
0.0178109     0.985535   0.00150000
0.0212831     0.989291   0.00150000
0.0247553     0.985266   0.00150000
0.0282275     0.986000   0.00150000
0.0316998     0.985727   0.00150000
0.0351720     0.985172   0.00150000
0.0386442     0.986322   0.00150000
0.0421164     0.979260   0.00150000
0.0455887     0.985969   0.00150000
0.0490609     0.990531   0.00150000
0.0525331     0.989555   0.00150000
0.0560053     0.995315   0.00150000
0.0594775     0.997273   0.00150000
0.0629498     0.999374   0.00150000
0.0664220      1.00417   0.00150000
0.0698942      1.00157   0.00150000
0.0733664     0.998160   0.00150000
0.0768387      1.00247   0.00150000
0.0803109      1.00068   0.00150000
0.0837831     0.993401   0.00399960
0.0872553     0.994284   0.00399960
0.0907275      1.00139   0.00399960
0.0941998      1.00030   0.00399960
0.0976720      1.00271   0.00399960
 0.101144      1.00512   0.00399960
 0.104616     0.999498   0.00399960
 0.108089     0.996576   0.00399960
 0.111561     0.998406   0.00399960
 0.115033      1.00438   0.00399960
 0.118505      1.00080   0.00512913
 0.121978     0.998807   0.00512913
 0.125450     0.994613   0.00512913
 0.128922     0.996113   0.00512913
 0.132394      1.00801   0.00512913
 0.135866     0.999830   0.00512913
 0.139339     0.990929   0.00512913
 0.142811      1.00676   0.00512913
 0.146283      1.00019   0.00512913
 0.149755     0.999587   0.00512913
